              precision    recall  f1-score   support

          20       1.00      1.00      1.00         4
          50       1.00      0.50      0.67         2
         100       0.75      1.00      0.86         3
         500       1.00      1.00      1.00         1
        1000       1.00      1.00      1.00         3
        5000       1.00      1.00      1.00         1

    accuracy                           0.93        14
   macro avg       0.96      0.92      0.92        14
weighted avg       0.95      0.93      0.92        14
